CSC21_CSCID	GAIA3_source_id	p_i	p_any	separation_from_ngc2516
2CXO_J075629.6-605413 	5290716602714076800	1.0	8.556489e-12	13.33286
2CXO_J075634.8-604802 	5290723925638255104	1.0	0.8986671	11.184249
2CXO_J075646.3-604857 	5290722929205920896	0.9981325	0.9436769	9.826725
2CXO_J075646.8-604322 	5290736363863548032	0.9999999	0.8818952	10.774503
2CXO_J075647.4-605651 	5290719115275116288	0.9788792	0.6866363	13.0825615
2CXO_J075648.3-604630 	5290724166156426112	1.0	0.9553484	9.657855
2CXO_J075706.2-604337 	5290725987222563584	1.0	0.4915018	8.567913
2CXO_J075711.2-603308 	5290739937276199168	0.771767	0.2749218	16.325483
2CXO_J075714.2-604052 	5290737940113833344	1.0	0.9878003	9.575989
2CXO_J075716.6-604711 	5290724681552584192	1.0	0.1861408	6.1427164
2CXO_J075718.3-604816 	5290723135364356864	1.0	0.0	5.883282
2CXO_J075719.0-605627 	5290718565519306752	1.0	0.5186925	10.246878
2CXO_J075719.7-604846 	5290723135364356736	1.0	0.9911143	5.752782
2CXO_J075720.8-604402 	5290725849783612288	1.0	0.9878315	6.834994
2CXO_J075723.2-604938 	5290720107406838400	1.0	0.9800374	5.5227065
2CXO_J075724.2-603947 	5290738356724884096	0.6467062	0.9379566	9.698965
2CXO_J075725.2-604647 	5290724715912323840	1.0	0.993365	5.176761
2CXO_J075725.3-604458 	5290725089571714816	1.0	3.350653e-13	5.8640804
2CXO_J075726.1-604540 	5290725025149969920	1.0	0.9523164	5.444616
2CXO_J075726.8-603947 	5290726605692967936	0.7215796	0.6984116	9.54089
2CXO_J075728.4-605129 	5290719836829549056	1.0	0.9572148	5.813402
2CXO_J075729.2-604608 	5290724818991539840	1.0	0.9945297	4.9167094
2CXO_J075729.4-605210 	5290719080910693888	0.9999931	0.0	6.1566696
2CXO_J075729.5-603706 	5290738769045173376	0.9805141	0.871745	11.787538
2CXO_J075730.7-604720 	5290724647192847616	1.0	0.9922053	4.4080644
2CXO_J075730.9-604832 	5290721623535946752	1.0	0.9958889	4.3697987
2CXO_J075732.7-604111 	5290726326522349568	1.0	0.0	7.9611654
2CXO_J075736.1-604812 	5290721726615163648	1.0	0.9925288	3.7110524
2CXO_J075736.1-605024 	5290721344358033152	1.0	0.9701725	4.4156876
2CXO_J075737.5-605435 	5290718737318003840	0.9985573	0.8041161	7.4699435
2CXO_J075739.5-604413 	5290725433169248384	1.0	0.0	5.011362
2CXO_J075739.8-604639 	5290721829694303360	1.0	0.9962253	3.5196612
2CXO_J075742.7-604420 	5290725231308404864	1.0	0.9979955	4.6738334
2CXO_J075742.8-604540 	5290724780334062336	1.0	0.0	3.7075157
2CXO_J075743.2-604509 	5290725158291187968	1.0	0.9910593	4.0142565
2CXO_J075743.5-604945 	5290721451738985600	1.0	0.9912274	3.3042595
2CXO_J075744.0-604727 	5290721760974904448	1.0	0.9990781	2.7885785
2CXO_J075746.0-604550 	5290722203353684096	1.0	2.921646e-06	3.3026948
2CXO_J075746.0-604839 	5290721550516653952	1.0	0.9972901	2.5788693
2CXO_J075747.0-604239 	5290725471825124480	1.0	0.9825503	5.8444777
2CXO_J075747.3-604000 	5290726502618649344	1.0	0.971244	8.334335
2CXO_J075748.5-604855 	5290721486096996736	1.0	0.400053	2.3796492
2CXO_J075749.6-604535 	5290722207648937984	1.0	0.0	3.1622787
2CXO_J075750.6-604939 	5290720695823013376	1.0	0.0	2.5540152
2CXO_J075751.1-604311 	5290725364449817088	1.0	0.996847	5.1548047
2CXO_J075751.7-604319 	5290725364449817088	1.0	0.0	5.0192323
2CXO_J075752.4-605808 	5290670698103520256	1.0	0.07920773	10.277448
2CXO_J075753.2-604317 	5290725368743020416	1.0	0.9969879	4.9810205
2CXO_J075753.3-604611 	5290722168993940992	1.0	0.9987312	2.4214969
2CXO_J075753.7-604248 	5290725364449644416	1.0	0.0	5.422245
2CXO_J075754.5-604321 	5290725368747361920	1.0	0.0	4.8645883
2CXO_J075754.5-604508 	5290722242011168512	1.0	0.9753814	3.2128172
2CXO_J075755.4-604827 	5290721864054120320	1.0	0.999312	1.4281272
2CXO_J075755.5-604039 	5290725677984929152	1.0	0.9913863	7.465292
2CXO_J075756.1-604222 	5290725403107101440	1.0	0.9984229	5.7703176
2CXO_J075756.1-604238 	5290725368747362816	1.0	0.9970738	5.507252
2CXO_J075756.8-605033 	5290720657163454080	1.0	0.9950846	2.8207326
2CXO_J075757.3-604415 	5290722345090384768	1.0	0.9993739	3.8976552
2CXO_J075757.7-605339 	5290673348103622272	1.0	0.9665311	5.7572613
2CXO_J075758.0-604544 	5290722173291770880	1.0	0.9989973	2.484754
2CXO_J075758.3-605247 	5290673416818436480	0.5270807	0.9760848	4.8982205
2CXO_J075759.4-605652 	5290672179872595840	1.0	0.9552827	8.917199
2CXO_J075800.3-604043 	5290819441411741184	1.0	0.9729573	7.321369
2CXO_J075800.4-605212 	5290720386585450240	0.7149312	0.9912668	4.270515
2CXO_J075802.4-604647 	5290721898415604992	1.0	0.9989721	1.312057
2CXO_J075802.5-604846 	5290721108139876864	1.0	0.9979941	0.9151728
2CXO_J075803.5-604652 	5290721898415604992	1.0	0.0	1.1874417
2CXO_J075803.8-604112 	5290819445709845760	1.0	0.0	6.791303
2CXO_J075804.9-604833 	5290721073780912512	1.0	2.5313085e-14	0.58749163
2CXO_J075805.1-604611 	5290722070212556544	1.0	0.9994293	1.8131759
2CXO_J075805.2-604740 	5290721142499618816	1.0	0.9990894	0.3637312
2CXO_J075805.3-604503 	5290722276370987648	1.0	0.9993405	2.950355
2CXO_J075805.5-604647 	5290722001488637440	1.0	0.0	1.221034
2CXO_J075806.2-603553 	5290820717021562240	1.0	0.9821229	12.106926
2CXO_J075807.0-604823 	5290721069482679680	1.0	0.9990782	0.39021465
2CXO_J075807.4-604433 	5290722310730726912	1.0	0.9988673	3.4478102
2CXO_J075808.0-604649 	5290721997195236480	1.0	0.9989787	1.1852516
2CXO_J075808.8-604440 	5290722310730727040	1.0	0.9987878	3.3420365
2CXO_J075810.5-605156 	5290673829139963520	1.0	0.9958952	3.9775662
2CXO_J075810.7-604932 	5290720867621791488	1.0	0.9917968	1.6227971
2CXO_J075811.2-604959 	5290720798902314240	1.0	0.9966525	2.0776553
2CXO_J075812.7-603835 	5290819651869671552	1.0	0.9818861	9.426324
2CXO_J075813.8-604524 	5290722035852820224	1.0	0.9984486	2.748599
2CXO_J075814.1-605216 	5290673756122947584	1.0	0.9591324	4.3679996
2CXO_J075814.4-604332 	5290816147178225536	1.0	0.9967789	4.562441
2CXO_J075816.7-604650 	5290721279938737280	1.0	0.9994037	1.6955452
2CXO_J075817.2-604436 	5290815941018195456	1.0	0.9946012	3.6280527
2CXO_J075817.5-605004 	5290720901981530368	1.0	0.9944553	2.4762194
2CXO_J075818.0-604515 	5290815872298718208	1.0	0.9993285	3.0874329
2CXO_J075819.5-605003 	5290673962279011712	0.9998777	3.330669e-15	2.6034687
2CXO_J075819.8-604157 	5290816353334936576	1.0	0.9980986	6.251653
2CXO_J075820.3-604139 	5290816353334937216	1.0	0.9908382	6.5621123
2CXO_J075820.8-604617 	5290815112083961472	1.0	0.9984998	2.4362285
2CXO_J075821.0-604042 	5290819303972171776	1.0	1.696967e-10	7.5003567
2CXO_J075821.1-604423 	5290815975377934976	1.0	0.9983055	4.0195518
2CXO_J075822.2-604311 	5290816177235922560	1.0	0.9895287	5.183451
2CXO_J075822.3-605127 	5290673794780227072	1.0	0.9985461	3.9589262
2CXO_J075822.9-604020 	5290819342632176512	1.0	0.9980928	7.919673
2CXO_J075823.3-605456 	5290672660908938752	0.96952	0.9760594	7.2398796
2CXO_J075823.4-604649 	5290815047664997248	1.0	0.9984066	2.381867
2CXO_J075823.5-603721 	5290820064186534144	1.0	0.9836231	10.844979
2CXO_J075826.1-604413 	5290815906658459008	1.0	0.9973556	4.473096
2CXO_J075826.8-604510 	5290815150744301952	1.0	0.9974872	3.7692378
2CXO_J075827.8-604429 	5290815902358678784	1.0	0.9976438	4.3664584
2CXO_J075829.8-604900 	5290674000938662528	1.0	0.9986901	3.0121295
2CXO_J075830.1-604149 	5290816318975574784	1.0	0.9954799	6.8155093
2CXO_J075830.5-604629 	5290814875866306432	1.0	0.9933879	3.2963169
2CXO_J075830.7-604600 	5290815082024737152	1.0	0.9980973	3.5583992
2CXO_J075830.9-604726 	5290814841506654592	1.0	0.9928345	3.0275137
2CXO_J075831.1-603747 	5290820029826947968	1.0	0.9555085	10.649148
2CXO_J075831.4-605308 	5290672867067372672	1.0	0.958914	5.981039
2CXO_J075831.5-604645 	5290814875866393984	1.0	0.9982326	3.2971866
2CXO_J075832.2-604600 	5290815082024737664	1.0	0.9991525	3.7147305
2CXO_J075832.7-604852 	5290767837384566528	0.9999997	0.974125	3.3170412
2CXO_J075832.9-605128 	5290673657343046016	1.0	0.9857521	4.7444143
2CXO_J075833.2-604925 	5290767768665088512	1.0	0.9736541	3.5501072
2CXO_J075833.3-604427 	5290815253823430912	1.0	0.9994428	4.831546
2CXO_J075833.3-604624 	5290814875863124096	1.0	0.0	3.6404927
2CXO_J075833.5-604440 	5290815253823430272	1.0	0.9978131	4.6785846
2CXO_J075834.6-604204 	5290816112816893056	1.0	0.9825577	6.852597
2CXO_J075835.7-604652 	5290814807146918016	1.0	0.9994512	3.7384524
2CXO_J075836.1-604618 	5290814875866396032	1.0	0.9944699	3.990329
2CXO_J075836.4-605017 	5290767562500539392	0.997995	0.9979244	4.308721
2CXO_J075836.6-604806 	5290767871744305792	1.0	0.997833	3.6722784
2CXO_J075837.0-604627 	5290814978945611008	1.0	0.9965998	4.028758
2CXO_J075838.9-604823 	5290767871744305920	1.0	0.9805887	3.9766493
2CXO_J075839.0-604520 	5290815185103954048	1.0	0.963073	4.769288
2CXO_J075839.8-604235 	5290816422051120128	1.0	0.0	6.775007
2CXO_J075839.9-604142 	5290816486474806912	1.0	0.9864286	7.4990277
2CXO_J075840.7-604153 	5290816490774016128	1.0	0.9767115	7.405646
2CXO_J075843.3-604145 	5290816422049740800	1.0	0.9859676	7.698945
2CXO_J075843.4-605525 	5290669568532575232	1.0	0.9462179	8.684303
2CXO_J075844.1-604537 	5290815013305351296	1.0	0.9939534	5.178838
2CXO_J075848.0-605413 	5290672557829815296	1.0	0.9936581	8.025327
2CXO_J075850.3-603837 	5290816937452225408	1.0	1.1549366e-08	10.790499
2CXO_J075850.5-604927 	5290767631226220032	1.0	0.9992802	5.5662136
2CXO_J075852.0-603520 	5290821438576074752	0.9999999	0.9674802	13.829208
2CXO_J075853.2-603612 	5290821438577954176	1.0	0.8238713	13.1104145
2CXO_J075856.4-604723 	5290767940463787264	1.0	0.9817513	6.1268005
2CXO_J075857.5-604300 	5290815734859774080	1.0	0.9971076	7.9841843
2CXO_J075903.4-605234 	5290766531714689280	1.0	0.001204706	8.311824
2CXO_J075905.1-604429 	5290768524579342976	0.8019753	0.9632189	7.9761815
2CXO_J075909.2-604758 	5290768077902823936	1.0	0.9001402	7.652043
2CXO_J075910.8-604447 	5290768455860509824	0.9831604	0.9302483	8.477996
2CXO_J075911.7-604222 	5290815494336836224	0.9914623	0.9896597	9.760449
2CXO_J075917.8-605527 	5290762472964405760	1.0	0.9723693	11.443201
2CXO_J075921.3-604856 	5290767150189898496	1.0	0.9937533	9.167177
2CXO_J075922.0-604526 	5290768215341699840	0.999983	0.96911	9.570119
2CXO_J075922.9-604731 	5290767356348330496	1.0	0.8994326	9.354922
2CXO_J075931.9-604843 	5290767115830162560	1.0	0.9527714	10.445599
2CXO_J075936.4-604432 	5290769727171800320	1.0	0.9604923	11.504419
2CXO_J075946.0-605120 	5290763812994440960	0.997136	0.6223306	12.584193
2CXO_J075951.3-604318 	5290769486652119936	1.0	0.9025968	13.629291
